0	0
0.079945242984257355867	118.95351611763720712
0.15989048596851471173	165.65930851967024751
0.23983572895277208148	196.10132383356000219
0.31978097193702942347	222.78353767393807061
0.39972621492128679321	248.5261420051444361
0.47967145790554416296	273.8153954977743183
0.5596167008898015327	298.60489975967834653
0.63956194387405884694	322.73844828395618833
0.71950718685831627219	346.06913920458850953
0.79945242984257358643	368.47467365906891246
0.87939767282683090066	389.85420413600820666
0.95934291581108832592	410.14305991983474087
1.0392881587953457512	429.31185221406690289
1.1192334017796030654	447.35131834747159019
1.1991786447638603796	464.26598965278202513
1.2791238877481176939	480.07235247466047667
1.3590691307323750081	494.79707941861903464
1.4390143737166325444	508.47504172399311528
1.5189596167008898586	521.14739183087840502
1.5989048596851471729	532.85984813677384864
1.6788501026694044871	543.66121187571513929
1.7587953456536618013	553.60211007110478931
1.8387405886379193376	562.73394777930059263
1.9186858316221766518	571.10804982101853966
1.9986310746064339661	578.7749714958996492
2.0785763175906915023	585.78395796971688014
2.1585215605749485945	592.18253273683467341
2.2384668035592061308	598.01619663977294294
2.318412046543463223	603.32822027035160772
2.3983572895277207593	608.15951409426952523
2.4783025325119782956	612.54856225388425628
2.5582477754962353877	616.5314076426890324
2.638193018480492924	620.14167745179361191
2.7181382614647500162	623.4106399183931444
2.7980835044490075525	626.36728442683056528
2.8780287474332650888	629.03841840448353651
2.957973990417522181	631.44877560861027632
3.0379192334017797172	633.62113141257680127
3.1178644763860368094	635.5764215776164292
3.1978097193702943457	637.33386174500412835
3.277754962354551882	638.91106551583095552
3.3577002053388089742	640.32415951233906526
3.4376454483230665105	641.58789424926658285
3.5175906913073236026	642.71574999692097663
3.5975359342915811389	643.72003710237788709
3.6774811772758386752	644.61199046123192602
3.7574264202600957674	645.40185800870278854
3.8373716632443533037	646.09898323483889726
3.9173169062286103959	646.71188183121830662
3.9972621492128679321	647.24831265121622437
4.0772073921971250243	647.71534321902106512
4.1571526351813830047	648.11941005820267492
4.2370978781656400969	648.46637413224050306
4.3170431211498971891	648.7615717001642679
4.3969883641341542813	649.00986089348145924
4.4769336071184122616	649.21566431655139695
4.5568788501026693538	649.38300796520422864
4.636824093086926446	649.51555674621704384
4.7167693360711844264	649.61664686765004717
4.7967145790554415186	649.68931535456761139
4.8766598220396986108	649.73632692939884237
4.9566050650239565911	649.76019848020939662
5.0365503080082136833	649.76322132439804591
5.1164955509924707755	649.74748146008448657
5.1964407939767278677	649.71487798253906476
5.2763860369609858481	649.66713982871920052
5.3563312799452429402	649.60584100003507046
5.4362765229295000324	649.53241440051158406
5.5162217659137580128	649.44816441603302337
5.596167008898015105	649.3542783494615378
5.6761122518822721972	649.25183681628686827
5.7560574948665301775	649.14182319634926444
5.8360027378507872697	649.02513222840252638
5.9159479808350443619	648.90257782674234477
5.9958932238193014541	648.7749001917914029
6.0758384668035594345	648.64277227984109686
6.1557837097878165267	648.5068056916900332
6.2357289527720736189	648.36755603373228496
6.3156741957563315992	648.22552780072032874
6.3956194387405886914	648.08117882453530001
6.4755646817248457836	647.9349243293007703
6.555509924709103764	647.78714062952815311
6.6354551676933608562	647.63816850432351657
6.7154004106776179484	647.48831627787944853
6.7953456536618750405	647.33786263333888655
6.8752908966461330209	647.18705918481816752
6.9552361396303901131	647.03613282962317044
7.0351813826146472053	646.88528790095278964
7.1151266255989051857	646.73470813888195607
7.1950718685831622778	646.58455849609867983
7.27501711156741937	646.43498679275489849
7.3549623545516773504	646.28612523364279241
7.4349075975359344426	646.13809179922748172
7.5148528405201915348	645.99099152123005751
7.594798083504448627	645.844917651948208
7.6747433264887066073	645.69995273588313012
7.7546885694729636995	645.55616959126314214
7.8346338124572207917	645.41363220838775305
7.9145790554414787721	645.27239657094321501
7.9945242984257358643	645.13251140623992796
8.0744695414099929565	644.99401886945884144
8.1544147843942500486	644.85695516702116947
8.2343600273785071408	644.72135112352395936
8.3143052703627660094	644.5872326966567698
8.3942505133470231016	644.45462144413897931
8.4741957563312801938	644.32353494658309501
8.554140999315537286	644.19398718990919406
8.6340862422997943781	644.06598891074042967
8.7140314852840514703	643.93954790821180723
8.7939767282683085625	643.81466932512353196
8.8739219712525674311	643.6913559014672046
8.9538672142368245233	643.56960820298490944
9.0338124572210816154	643.44942482732983535
9.1137577002053387076	643.33080259013718205
9.1937029431895957998	643.21373669320166755
9.273648186173852892	643.09822087658108103
9.3535934291581117606	642.98424755665189423
9.4335386721423688527	642.87180795136100642
9.5134839151266259449	642.7608921943998439
9.5934291581108830371	642.65148943942779169
9.6733744010951401293	642.54358795537257265
9.7533196440793972215	642.43717521396217762
9.8332648870636543137	642.3322379701888849
9.9132101300479131822	642.22876233650913491
9.9931553730321702744	642.12673385139942184
10.073100616016427367	642.02613754282015179
10.153045859000684459	641.92695798704960453
10.232991101984941551	641.82917936331864439
10.312936344969198643	641.73278550458996961
10.392881587953455735	641.63775994480079135
10.472826830937714604	641.5440859627530017
10.552772073921971696	641.45174662303145396
10.632717316906228788	641.36072481404198697
10.71266255989048588	641.27100328337041901
10.792607802874742973	641.18256467062917636
10.872553045859000065	641.09539153801574685
10.952498288843257157	641.00946639855158082
11.032443531827516026	640.92477174232010384
11.112388774811773118	640.84129006068292256
11.19233401779603021	640.75900386860917024
11.272279260780287302	640.67789572530375608
11.352224503764544394	640.59794825309518274
11.432169746748801487	640.51914415483213361
11.512114989733060355	640.44146622972323257
11.592060232717317447	640.36489738783620851
11.672005475701574539	640.28942066326749227
11.751950718685831632	640.21501922604488755
11.831895961670088724	640.14167639295669687
11.911841204654345816	640.0693756371776999
11.991786447638602908	639.99810059698529585
12.071731690622861777	639.92783508348645682
12.151676933607118869	639.85856308741642806
12.231622176591375961	639.79026878520176069
12.311567419575633053	639.72293654415977926
12.391512662559890146	639.65655092706447249
12.471457905544147238	639.59109669598274195
12.55140314852840433	639.52655881556461281
12.631348391512663198	639.46292245568020007
12.711293634496920291	639.40017299364990322
12.791238877481177383	639.33829601587228808
12.871184120465434475	639.27727731908078113
12.951129363449691567	639.21710291115641667
13.031074606433948659	639.15775901163124217
13.111019849418207528	639.09923205173356564
13.19096509240246462	639.0415086742452786
13.270910335386721712	638.98457573296934697
13.350855578370978805	638.928420292036094
13.430800821355235897	638.87302962487603963
13.510746064339492989	638.81839121304858509
13.590691307323750081	638.76449274485980823
13.67063655030800895	638.71132211380256649
13.750581793292266042	638.65886741682868433
13.830527036276523134	638.60711695250756748
13.910472279260780226	638.55605921905510058
13.990417522245037318	638.50568291224249151
14.070362765229294411	638.4559769232008648
14.150308008213551503	638.40693033617787933
14.230253251197810371	638.35853242617406522
14.310198494182067463	638.31077265655301289
14.390143737166324556	638.2636406765668653
14.470088980150581648	638.21712631887953648
14.55003422313483874	638.17121959696953581
14.629979466119095832	638.12591070260498327
14.709924709103354701	638.0811900032297217
14.789869952087611793	638.03704803931191236
14.869815195071868885	637.99347552174742759
14.949760438056125977	637.95046332919605447
15.02970568104038307	637.90800250542145022
15.109650924024640162	637.86608425667077427
15.189596167008897254	637.82469994899463472
15.269541409993156122	637.78384110560398312
15.349486652977413215	637.74349940425349814
15.429431895961670307	637.70366667459074961
15.509377138945927399	637.66433489554981406
15.589322381930184491	637.62549619274113866
15.669267624914441583	637.5871428358684625
15.749212867898698676	637.54926723615824358
15.829158110882957544	637.51186194378271921
15.909103353867214636	637.47491964535743136
15.989048596851471729	637.43843316139009403
16.068993839835730597	637.40239544379983272
16.148939082819985913	637.36679957341198133
16.228884325804244781	637.33163875753132288
16.308829568788500097	637.29690632746405754
16.388774811772758966	637.26259573612571785
16.468720054757014282	637.22870055561554636
16.54866529774127315	637.19521447484441978
16.628610540725532019	637.16213129718471464
16.708555783709787335	637.129444938086408
16.788501026694046203	637.09714942281016192
16.868446269678301519	637.06523888407650702
16.948391512662560388	637.03370755979631213
17.028336755646815703	637.00254979082228601
17.108281998631074572	636.97176001867171635
17.18822724161533344	636.94133278333458748
17.268172484599588756	636.91126272104372674
17.348117727583847625	636.88154456210281751
17.428062970568102941	636.85217312871213835
17.508008213552361809	636.82314333284250552
17.587953456536617125	636.79445017410841956
17.667898699520875994	636.7660887376626988
17.747843942505134862	636.73805419214988888
17.827789185489390178	636.71034178764386979
17.907734428473649047	636.68294685363275676
17.987679671457904362	636.65586479704620615
18.067624914442163231	636.62909110028977011
18.147570157426418547	636.60262131932222474
18.227515400410677415	636.57645108176996018
18.307460643394936284	636.55057608508946032
18.3874058863791916	636.52499209474797226
18.467351129363450468	636.49969494245920032
18.547296372347705784	636.47468052447311493
18.627241615331964653	636.44994479989770753
18.707186858316223521	636.42548378907383722
18.787132101300478837	636.40129357202215488
18.867077344284737705	636.37737028692663444
18.947022587268993021	636.35371012867437912
19.02696783025325189	636.33030934748933305
19.106913073237507206	636.30716424757281402
19.186858316221766074	636.28427118587910627
19.266803559206024943	636.26162657088480046
19.346748802190280259	636.23922686150604022
19.426694045174539127	636.21706856600167157
19.506639288158794443	636.19514824102623152
19.586584531143053312	636.17346249074171283
19.666529774127308627	636.15200796651140536
19.746475017111567496	636.13078136893989267
19.826420260095826364	636.10977943933630741
19.90636550308008168	636.08899895303534322
19.986310746064340549	636.06843674527806343
20.066255989048595865	636.04808969191844881
20.146201232032854733	636.02795471004810679
20.226146475017110049	636.00802875923591273
20.306091718001368918	635.98830884141386832
20.386036960985627786	635.96879200062858217
20.465982203969883102	635.94947532280775704
20.545927446954141971	635.93035593557942775
20.625872689938397286	635.91143100813610545
20.705817932922656155	635.8926977511231371
20.785763175906911471	635.87415341653297673
20.865708418891170339	635.85579529767574058
20.945653661875429208	635.83762072909678409
21.025598904859684524	635.81962708655385086
21.105544147843943392	635.8018117869762591
21.185489390828198708	635.78417228842124587
21.265434633812457577	635.76670609003485879
21.345379876796712892	635.74941073199431685
21.425325119780971761	635.73228379542513267
21.50527036276523063	635.7153229023226686
21.585215605749485945	635.6985257154244664
21.665160848733744814	635.68188993807245879
21.74510609171800013	635.66541331402197557
21.825051334702258998	635.64909362724847597
21.904996577686514314	635.63292870169800608
21.984941820670773183	635.61691640102083056
22.064887063655032051	635.60105462822957634
22.144832306639287367	635.58534132536715333
22.224777549623546236	635.56977447311567175
22.304722792607801551	635.55435209035385924
22.38466803559206042	635.5390722337057241
22.464613278576319289	635.52393299704408491
22.544558521560574604	635.50893251093998515
22.624503764544833473	635.49406894211563213
22.704449007529088789	635.47934049285856872
22.784394250513347657	635.46474540037274892
22.864339493497602973	635.4502819361659931
22.944284736481861842	635.43594840536184165
23.02422997946612071	635.42174314603005314
23.104175222450376026	635.40766452847196888
23.184120465434634895	635.39371095450837856
23.26406570841889021	635.37988085676829542
23.344010951403149079	635.36617269793237028
23.423956194387404395	635.35258497002337208
23.503901437371663263	635.3391161936416438
23.583846680355922132	635.32576491724830703
23.663791923340177448	635.31252971639275984
23.743737166324436316	635.29940919303203373
23.823682409308691632	635.2864019747586326
23.903627652292950501	635.27350671412045813
23.983572895277205816	635.26072208788991702
24.063518138261464685	635.24804679638725702
24.143463381245723554	635.23547956279799109
24.223408624229978869	635.22301913250794314
24.303353867214237738	635.21066427246557851
24.383299110198493054	635.19841377053273845
24.463244353182751922	635.18626643488596528
24.543189596167007238	635.17422109342817294
24.623134839151266107	635.16227659319736176
24.703080082135524975	635.15043179981796584
24.783025325119780291	635.13868559698153149
24.86297056810403916	635.12703688589090234
24.942915811088294475	635.11548458479921919
25.022861054072553344	635.10402762851288117
25.10280629705680866	635.09266496794043633
25.182751540041067528	635.0813955696381754
25.262696783025326397	635.07021841540267815
25.342642026009581713	635.05913250185813013
25.422587268993840581	635.04813684006569474
25.502532511978095897	635.03723045516778711
25.582477754962354766	635.02641238601233908
25.662422997946613634	635.01568168483402133
25.74236824093086895	635.00503741691557025
25.822313483915127819	634.99447866029163379
25.902258726899383134	634.98400450543942952
25.982203969883642003	634.97361405502249454
26.062149212867897319	634.96330642358338991
26.142094455852156187	634.95308073733224319
26.222039698836415056	634.94293613385661956
26.301984941820670372	634.93287176192495735
26.38193018480492924	634.92288678123895806
26.461875427789184556	634.91298036222497103
26.541820670773443425	634.90315168584152161
26.62176591375769874	634.8933999433537565
26.701711156741957609	634.88372433618189916
26.781656399726216478	634.87412407569752304
26.861601642710471793	634.86459838305449921
26.941546885694730662	634.85514648901335022
27.021492128678985978	634.84576763380584907
27.101437371663244846	634.83646106696630795
27.181382614647500162	634.82722604716900605
27.261327857631759031	634.8180618421095005
27.341273100616017899	634.80896772835762931
27.421218343600273215	634.79994299120926371
27.501163586584532084	634.79098692458194364
27.581108829568787399	634.78209883086890386
27.661054072553046268	634.77327802082891139
27.740999315537301584	634.76452381345484355
27.820944558521560452	634.75583553587466668
27.900889801505819321	634.74721252323092813
27.980835044490074637	634.73865411856843366
28.060780287474333505	634.73015967273306615
28.140725530458588821	634.72172854426548838
28.22067077344284769	634.71336009930439559
28.300616016427103006	634.70505371147169171
28.380561259411361874	634.69680876179802453
28.460506502395620743	634.68862463861000833
28.540451745379876058	634.68050073743359007
28.620396988364134927	634.67243646092572362
28.700342231348390243	634.66443121875397537
28.780287474332649111	634.65648442753206382
28.86023271731690798	634.64859551071049282
28.940177960301163296	634.64076389852050397
29.020123203285422164	634.63298902785732025
29.10006844626967748	634.62527034220897804
29.180013689253936349	634.61760729158663707
29.259958932238191665	634.60999933243681426
29.339904175222450533	634.60244592753929282
29.419849418206709402	634.59494654596085184
29.499794661190964717	634.58750066296693149
29.579739904175223586	634.58010775992954677
29.659685147159478902	634.57276732427101251
29.73963039014373777	634.56547884938595416
29.819575633127993086	634.55824183455615639
29.899520876112251955	634.55105578488860374
29.979466119096510823	634.54392021123987888
30.059411362080766139	634.5368346301420388
30.139356605065025008	634.52979856373951861
30.219301848049280323	634.52281153971159711
30.299247091033539192	634.51587309121214275
30.379192334017794508	634.50898275678468963
30.459137577002053376	634.50214008032344282
30.539082819986312245	634.49534461097653093
30.619028062970567561	634.48859590310746626
30.698973305954826429	634.48189351620646903
30.778918548939081745	634.47523701483964942
30.858863791923340614	634.46862596858818506
30.93880903490759593	634.46205995197738048
31.018754277891854798	634.45553854441709518
31.098699520876113667	634.44906133014069383
31.178644763860368982	634.44262789815161341
31.258590006844627851	634.43623784215014894
31.338535249828883167	634.4298907604844544
31.418480492813142035	634.42358625608949296
31.498425735797397351	634.41732393642439547
31.57837097878165622	634.4111034134300553
31.658316221765915088	634.4049243034534129
31.738261464750170404	634.39878622720414114
31.818206707734429273	634.39268880970018927
31.898151950718684589	634.38663168019877503
31.978097193702943457	634.38061447216705346
32.058042436687202326	634.37463682320901626
32.137987679671461194	634.36869837501956226
32.217932922655712957	634.36279877333231525
32.297878165639971826	634.3569376678702838
32.377823408624230694	634.3511147122977718
32.457768651608489563	634.34532956415989702
32.537713894592741326	634.33958188484780294
32.617659137577000195	634.33387133953203829
32.697604380561259063	634.32819759713333951
32.777549623545517932	634.32256033026817477
32.8574948665297768	634.3169592151937195
32.937440109514028563	634.31139393177079455
33.017385352498287432	634.30586416341861877
33.0973305954825463	634.30036959706364996
33.177275838466805169	634.2949099230986576
33.257221081451064038	634.28948483534657043
33.337166324435315801	634.28409403099306019
33.417111567419574669	634.27873721057505918
33.497056810403833538	634.27341407791413985
33.577002053388092406	634.26812434008320452
33.656947296372344169	634.26286770737249299
33.736892539356603038	634.25764389324046988
33.816837782340861907	634.25245261427289734
33.896783025325120775	634.24729359014463625
33.976728268309379644	634.24216654358895084
34.056673511293631407	634.23707120034634954
34.136618754277890275	634.23200728913013791
34.216563997262149144	634.22697454159936115
34.296509240246408012	634.22197269230696293
34.376454483230666881	634.21700147866806674
34.456399726214918644	634.21206064093018995
34.536344969199177513	634.20714992213277128
34.616290212183436381	634.20226906806726674
34.69623545516769525	634.19741782725498069
34.776180698151954118	634.19259595089704362
34.856125941136205881	634.18780319285667701
34.93607118412046475	634.18303930961099013
35.016016427104723618	634.17830406023188061
35.095961670088982487	634.17359720634283349
35.17590691307323425	634.16891851209152264
35.255852156057493119	634.16426774412070699
35.335797399041751987	634.15964467153128226
35.415742642026010856	634.15504906585931622
35.495687885010269724	634.15048070103352984
35.575633127994521487	634.14593935336108643
35.655578370978780356	634.1414248014829127
35.735523613963039224	634.1369368263594879
35.815468856947298093	634.13247521122650596
35.895414099931556962	634.12803974157804987
35.975359342915808725	634.12363020513794254
36.055304585900067593	634.11924639182109331
36.135249828884326462	634.11488809372497144
36.21519507186858533	634.11055510508424504
36.295140314852837093	634.10624722225384176
36.375085557837095962	634.10196424367961754
36.455030800821354831	634.09770596988335001
36.534976043805613699	634.09347220341783213
36.614921286789872568	634.08926274885720886
36.694866529774124331	634.08507741276912384
36.774811772758383199	634.08091600367720275
36.854757015742642068	634.07677833206298601
36.934702258726900936	634.07266421031488335
37.014647501711159805	634.06857345273067494
37.094592744695411568	634.06450587546294173
37.174537987679670437	634.06046129652906984
37.254483230663929305	634.05643953576964122
37.334428473648188174	634.05244041482660577
37.414373716632447042	634.0484637571288431
37.494318959616698805	634.04450938786226288
37.574264202600957674	634.040577133961051
37.654209445585216542	634.036666824069016
37.734154688569475411	634.03277828853492792
37.814099931553727174	634.0289113593815955
37.894045174537986043	634.02506587029245111
37.973990417522244911	634.02124165658358379
38.05393566050650378	634.01743855519612225
38.133880903490762648	634.01365640466190143
38.213826146475014411	634.00989504509618655
38.29377138945927328	634.00615431817573153
38.373716632443532148	634.00243406711456373
38.453661875427791017	633.99873413665250155
38.533607118412049886	633.99505437303753297
38.613552361396301649	633.99139462399932654
38.693497604380560517	633.98775473873877218
38.773442847364819386	633.98413456791138287
38.853388090349078254	633.98053396360307943
38.933333333333330017	633.97695277931939017
39.013278576317588886	633.97339086996794322
39.093223819301847755	633.96984809184277765
39.173169062286106623	633.9663243026013788
39.253114305270365492	633.9628193612539917
39.333059548254617255	633.95933312815259342
39.413004791238876123	633.95586546496087976
39.492950034223134992	633.9524162346558569
39.57289527720739386	633.9489853014987375
39.652840520191652729	633.94557253103164385
39.732785763175904492	633.94217779004907243
39.812731006160163361	633.93880094660084978
39.892676249144422229	633.93544186995416112
39.972621492128681098	633.93210043060639691
40.052566735112932861	633.92877650025457115
40.132511978097191729	633.92546995177690405
40.212457221081450598	633.92218065923566428
40.292402464065709466	633.91890849785056616
40.372347707049968335	633.91565334399297171
40.452292950034220098	633.91241507516588172
40.532238193018478967	633.90919357000041146
40.612183436002737835	633.90598870823396283
40.692128678986996704	633.90280037069862829
40.772073921971255572	633.89962843931868974
40.852019164955507335	633.8964727970860622
40.931964407939766204	633.89333332805188093
41.011909650924025073	633.89020991732593302
41.091854893908283941	633.88710245104095975
41.17180013689254281	633.88401081637164225
41.251745379876794573	633.88093490149458376
41.331690622861053441	633.87787459559319814
41.41163586584531231	633.87482978884236218
41.491581108829571178	633.87180037240511865
41.571526351813822941	633.86878623840539149
41.65147159479808181	633.8657872799345796
41.731416837782340679	633.86280339102506787
41.811362080766599547	633.85983446666091368
41.891307323750858416	633.85688040274544619
41.971252566735110179	633.85394109610365376
42.051197809719369047	633.85101644447172475
42.131143052703627916	633.84810634648670202
42.211088295687886784	633.84521070166977097
42.291033538672145653	633.84232941042807852
42.370978781656397416	633.83946237403881696
42.450924024640656285	633.83660949464308487
42.530869267624915153	633.83377067523065307
42.610814510609174022	633.83094581964041936
42.690759753593425785	633.82813483254233233
42.770704996577684653	633.82533761943750505
42.850650239561943522	633.82255408664354945
42.93059548254620239	633.81978414128730037
43.010540725530461259	633.81702769129640274
43.090485968514713022	633.81428464539590095
43.170431211498971891	633.81155491308902583
43.250376454483230759	633.80883840466492529
43.330321697467489628	633.80613503117365326
43.410266940451748496	633.80344470443947102
43.490212183436000259	633.80076733702196634
43.570157426420259128	633.79810284224367933
43.650102669404517997	633.79545113415679225
43.730047912388776865	633.79281212755518027
43.809993155373028628	633.79018573794246549
43.889938398357287497	633.78757188155032054
43.969883641341546365	633.7849704753232345
44.049828884325805234	633.78238143689554818
44.129774127310064102	633.77980468461055352
44.209719370294315866	633.77724013749502774
44.289664613278574734	633.77468771525900593
44.369609856262833603	633.77214733829316629
44.449555099247092471	633.76961892765052653
44.52950034223135134	633.7671024050506503
44.609445585215603103	633.76459769287203017
44.689390828199861971	633.76210471414162839
44.76933607118412084	633.75962339252737365
44.849281314168379708	633.75715365234225374
44.929226557152638577	633.75469541852169186
45.00917180013689034	633.75224861663582487
45.089117043121149209	633.74981317286926696
45.169062286105408077	633.74738901402156444
45.249007529089666946	633.74497606750264822
45.328952772073918709	633.74257426132032833
45.408898015058177577	633.74018352407983912
45.488843258042436446	633.73780378498588561
45.568788501026695315	633.73543497381228917
45.648733744010954183	633.73307702092563432
45.728678986995205946	633.73072985726059869
45.808624229979464815	633.7283934143249553
45.888569472963723683	633.7260676241857027
45.968514715947982552	633.72375241946906499
46.04845995893224142	633.72144773335548962
46.128405201916493183	633.71915349957157559
46.208350444900752052	633.71686965238643552
46.288295687885010921	633.71459612660419225
46.368240930869269789	633.71233285756954956
46.448186173853521552	633.71007978114050729
46.528131416837780421	633.70783683371132611
46.608076659822039289	633.70560395218319627
46.688021902806298158	633.70338107397219574
46.767967145790557026	633.70116813700565217
46.84791238877480879	633.69896507971259325
46.927857631759067658	633.69677184101556122
47.007802874743326527	633.69458836033345506
47.087748117727585395	633.69241457757311764
47.167693360711844264	633.69025043312410617
47.247638603696096027	633.68809586786005639
47.327583846680354895	633.6859508231223117
47.407529089664613764	633.68381524072719913
47.487474332648872632	633.68168906295295528
47.567419575633131501	633.67957223254325072
47.647364818617383264	633.67746469269889076
47.727310061601642133	633.67536638706690155
47.807255304585901001	633.67327725975053454
47.88720054757015987	633.67119725529278185
47.967145790554411633	633.66912631867307937
48.047091033538670501	633.66706439531230899
48.12703627652292937	633.66501143106393101
48.206981519507188239	633.66296737220034174
48.286926762491447107	633.6609321654246969
48.36687200547569887	633.65890575785294914
48.446817248459957739	633.65688809702533035
48.526762491444216607	633.65487913088293226
48.606707734428475476	633.65287880777748342
48.686652977412734344	633.6508870764691892
48.766598220396986108	633.64890388611024719
48.846543463381244976	633.64692918625371476
48.926488706365503845	633.64496292684225409
49.006433949349762713	633.64300505820096987
49.086379192334014476	633.64105553105321178
49.166324435318273345	633.63911429648828744
49.246269678302532213	633.6371813059829492
49.326214921286791082	633.63525651137877048
49.40616016427104995	633.63333986489431027
49.486105407255301714	633.63143131910828743
49.566050650239560582	633.629530826968562
49.645995893223819451	633.62763834177565059
49.725941136208078319	633.62575381719273082
49.805886379192337188	633.62387720722460926
49.885831622176588951	633.62200846623852613
49.965776865160847819	633.62014754893493773
50.045722108145106688	633.61829441036775279
50.125667351129365557	633.6164490059217087
50.20561259411361732	633.61461129131942016
50.285557837097876188	633.61278122262035595
50.365503080082135057	633.61095875620526385
50.445448323066393925	633.60914384879026784
50.525393566050652794	633.60733645740663178
50.605338809034904557	633.60553653941281027
50.685284052019163425	633.60374405247625873
50.765229295003422294	633.60195895458502946
50.845174537987681163	633.6001812040394725
50.925119780971940031	633.59841075944450495
51.005065023956191794	633.59664757970767823
51.085010266940450663	633.5948916240440667
51.164955509924709531	633.59314285196967376
51.2449007529089684	633.59140122328585676
51.324845995893227268	633.58966669810354233
51.404791238877479032	633.58793923681503202
51.4847364818617379	633.58621880010377936
51.564681724845996769	633.58450534893688655
51.644626967830255637	633.58279884456771924
51.7245722108145074	633.58109924852874428
51.804517453798766269	633.57940652263118864
51.884462696783025137	633.57772062895958243
51.964407939767284006	633.57604152987244106
52.044353182751542874	633.57436918799953673
52.124298425735794638	633.57270356623462249
52.204243668720053506	633.57104462774327658
52.284188911704312375	633.56939233594766847
52.364134154688571243	633.5677466545336074
52.444079397672830112	633.56610754744440328
52.524024640657081875	633.56447497888132148
52.603969883641340743	633.56284891329107722
52.683915126625599612	633.56122931538141074
52.763860369609858481	633.55961615010699006
52.843805612594110244	633.55800938266190769
52.923750855578369112	633.55640897848832083
53.003696098562627981	633.55481490328065775
53.083641341546886849	633.55322712295469501
53.163586584531145718	633.55164560367882132
53.243531827515397481	633.55007031185289179
53.32347707049965635	633.54850121410788688
53.403422313483915218	633.54693827730898192
53.483367556468174087	633.54538146855134073
53.563312799452432955	633.54383075515499968
53.643258042436684718	633.54228610466611826
53.723203285420943587	633.54074748485743385
53.803148528405202455	633.53921486372109939
53.883093771389461324	633.53768820946811502
53.963039014373713087	633.53616749053026069
54.042984257357971956	633.53465267555066021
54.122929500342230824	633.53314373338753285
54.202874743326489693	633.5316406331151029
54.282819986310748561	633.53014334401416363
54.362765229295000324	633.5286518355762837
54.442710472279259193	633.52716607749573541
54.522655715263518061	633.5256860396796128
54.60260095824777693	633.52421169222657227
54.682546201232035799	633.52274300544513608
54.762491444216287562	633.52127994984243742
54.84243668720054643	633.51982249612512987
54.922381930184805299	633.51837061518847349
55.002327173169064167	633.51692427813202357
55.082272416153323036	633.51548345624269132
55.162217659137574799	633.51404812099895025
55.242162902121833667	633.51261824407356471
55.322108145106092536	633.51119379732142534
55.402053388090351405	633.50977475278966722
55.481998631074603168	633.50836108270425484
55.561943874058862036	633.50695275948237395
55.641889117043120905	633.50554975571776595
55.721834360027379773	633.50415204418550275
55.801779603011638642	633.50275959784255519
55.881724845995890405	633.50137238981994869
55.961670088980149274	633.49999039342537799
56.041615331964408142	633.49861358214570828
56.121560574948667011	633.49724192963378755
56.201505817932925879	633.49587540972129318
56.281451060917177642	633.49451399640497584
56.361396303901436511	633.49315766385564075
56.441341546885695379	633.4918063864074611
56.521286789869954248	633.49046013856207082
56.601232032854206011	633.48911889498947403
56.68117727583846488	633.48778263051701742
56.761122518822723748	633.48645132014166848
56.841067761806982617	633.48512493901500875
56.921013004791241485	633.48380346245289729
57.000958247775493248	633.48248686592819467
57.080903490759752117	633.48117512506951243
57.160848733744010985	633.47986821566485105
57.240793976728269854	633.47856611365239132
57.320739219712528723	633.47726879513118092
57.400684462696780486	633.47597623634430875
57.480629705681039354	633.47468841369004622
57.560574948665298223	633.4734053037175272
57.640520191649557091	633.47212688312254159
57.72046543463381596	633.47085312875060481
57.800410677618067723	633.46958401759127355
57.880355920602326592	633.46831952678280686
57.96030116358658546	633.46705963360227543
58.040246406570844329	633.46580431547624812
58.120191649555096092	633.46455354996646747
58.20013689253935496	633.4633073147832647
58.280082135523613829	633.46206558776975726
58.360027378507872697	633.46082834691355856
58.439972621492131566	633.4595955703338177
58.519917864476383329	633.45836723628985965
58.599863107460642198	633.45714332317766093
58.679808350444901066	633.4559238095262117
58.759753593429159935	633.45470867399592407
58.839698836413418803	633.45349789538408913
58.919644079397670566	633.4522914526146451
58.999589322381929435	633.4510893247469312
59.079534565366188303	633.44989149096556957
59.159479808350447172	633.44869793058603591
59.239425051334698935	633.44750862304715611
59.319370294318957804	633.44632354792111073
59.399315537303216672	633.44514268490161157
59.479260780287475541	633.44396601380765333
59.559206023271734409	633.44279351458112615
59.639151266255986172	633.44162516728681567
59.719096509240245041	633.44046095211240299
59.799041752224503909	633.43930084936550884
59.878986995208762778	633.43814483947630833
59.958932238193021647	633.43699290299036875
60.03887748117727341	633.43584502057217378
60.118822724161532278	633.43470117300591937
60.198767967145791147	633.43356134119153467
60.278713210130050015	633.43242550614331776
60.358658453114301778	633.43129364898891254
60.438603696098560647	633.4301657509748793
60.518548939082819516	633.42904179345680404
60.598494182067078384	633.42792175790452802
60.678439425051337253	633.42680562589976034
60.758384668035589016	633.42569337913073468
60.838329911019847884	633.42458499939766625
60.918275154004106753	633.4234804686118423
60.998220396988365621	633.42237976879425787
61.07816563997262449	633.42128288206515663
61.158110882956876253	633.42018979066017437
61.238056125941135122	633.41910047691658292
61.31800136892539399	633.41801492327533651
61.397946611909652859	633.41693311228721086
61.477891854893911727	633.41585502660109341
61.55783709787816349	633.41478064896864453
61.637782340862422359	633.41370996224895862
61.717727583846681227	633.41264294939753654
61.797672826830940096	633.4115795934731068
61.877618069815191859	633.41051987763228226
61.957563312799450728	633.40946378513217496
62.037508555783709596	633.40841129932709919
62.117453798767968465	633.40736240366970833
62.197399041752227333	633.40631708171201808
62.277344284736479096	633.40527531709722098
62.357289527720737965	633.40423709356900872
62.437234770704996834	633.40320239496475097
62.517180013689255702	633.40217120521572269
62.597125256673514571	633.40114350834312518
62.677070499657766334	633.40011928846945466
62.757015742642025202	633.39909852980281357
62.836960985626284071	633.39808121664168539
62.916906228610542939	633.39706733338232425
62.996851471594794702	633.39605686450784106
63.076796714579053571	633.39504979459104561
63.15674195756331244	633.39404610829114972
63.236687200547571308	633.3930457903596789
63.316632443531830177	633.39204882563763022
63.39657768651608194	633.3910551990447857
63.476522929500340808	633.39006489559710644
63.556468172484599677	633.38907790039070278
63.636413415468858545	633.3880941986083144
63.716358658453117414	633.38711377551840087
63.796303901437369177	633.38613661647661957
63.876249144421628046	633.38516270691411592
63.956194387405886914	633.38419203234991528
64.036139630390138677	633.38322457839024082
64.116084873374404651	633.38226033071430265
64.196030116358656414	633.3812992750858939
64.275975359342922388	633.38034139735248118
64.355920602327174151	633.37938668343815607
64.435865845311425915	633.37843511935056995
64.515811088295691889	633.3774866911708159
64.595756331279943652	633.37654138506286472
64.675701574264209626	633.37559918726788055
64.755646817248461389	633.37466008410376617
64.835592060232713152	633.37372406196698194
64.915537303216979126	633.37279110732811205
64.995482546201230889	633.37186120673516143
65.075427789185482652	633.37093434680832615
65.155373032169748626	633.37001051424783782
65.235318275154000389	633.36908969582418649
65.315263518138266363	633.36817187838676091
65.395208761122518126	633.36725704884963761
65.475154004106769889	633.36634519420795186
65.555099247091035863	633.36543630152687001
65.635044490075287626	633.36453035793908839
65.7149897330595536	633.3636273506552925
65.794934976043805364	633.36272726695472102
65.874880219028057127	633.36183009418289203
65.954825462012323101	633.36093581976172118
66.034770704996574864	633.36004443117531082
66.114715947980840838	633.35915591598507035
66.194661190965092601	633.35827026181470956
66.274606433949344364	633.35738745635887881
66.354551676933610338	633.3565074873777121
66.434496919917862101	633.35563034270171556
66.514442162902128075	633.35475601022460523
66.594387405886379838	633.35388447790785449
66.674332648870631601	633.35301573377910245
66.754277891854897575	633.35214976593010761
66.834223134839149338	633.35128656251947632
66.914168377823415312	633.35042611176970695
66.994113620807667075	633.34956840196628036
67.074058863791918839	633.3487134214605021
67.154004106776184813	633.3478611586625675
67.233949349760436576	633.3470116020516798
67.313894592744688339	633.34616474016365828
67.393839835728954313	633.34532056159935109
67.473785078713206076	633.34447905501974674
67.55373032169747205	633.34364020914847515
67.633675564681723813	633.34280401277226247
67.713620807665975576	633.34197045473183607
67.79356605065024155	633.3411395239313606
67.873511293634493313	633.34031120933502734
67.953456536618759287	633.33948549996637212
68.03340177960301105	633.3386623849080479
68.113347022587262813	633.3378418532959131
68.193292265571528787	633.33702389433324242
68.273237508555780551	633.33620849727219593
68.353182751540046524	633.33539565142700667
68.433127994524298288	633.3345853461672732
68.513073237508550051	633.33377757092046068
68.593018480492816025	633.33297231516792181
68.672963723477067788	633.33216956844955803
68.752908966461333762	633.33136932035813516
68.832854209445585525	633.33057156054337611
68.912799452429837288	633.32977627870695869
68.992744695414103262	633.32898346460956418
69.072689938398355025	633.32819310806291924
69.152635181382620999	633.32740519893150122
69.232580424366872762	633.32661972713367504
69.312525667351124525	633.32583668264578591
69.392470910335390499	633.3250560554877211
69.472416153319642262	633.32427783573984925
69.552361396303908236	633.32350201352755903
69.63230663928816	633.32272857903637941
69.712251882272411763	633.32195752249458565
69.792197125256677737	633.32118883418684163
69.8721423682409295	633.32042250444726506
69.952087611225181263	633.31965852365738101
70.032032854209447237	633.31889688225442114
70.111978097193699	633.31813757071756754
70.191923340177964974	633.31738057958671106
70.271868583162216737	633.31662589943675812
70.3518138261464685	633.31587352090264176
70.431759069130734474	633.31512343466340553
70.511704312114986237	633.31437563144595515
70.591649555099252211	633.31363010202790065
70.671594798083503974	633.3128868372280067
70.751540041067755737	633.31214582791949397
70.831485284052021711	633.31140706501992099
70.911430527036273475	633.31067053948947887
70.991375770020539449	633.30993624234304207
71.071321013004791212	633.30920416463197853
71.151266255989042975	633.30847429746336275
71.231211498973308949	633.30774663198133112
71.311156741957560712	633.30702115937845065
71.391101984941826686	633.30629787089605998
71.471047227926078449	633.3055767578105133
71.550992470910330212	633.3048578114544398
71.630937713894596186	633.30414102319377889
71.710882956878847949	633.3034263844463112
71.790828199863113923	633.30271388666926669
71.870773442847365686	633.3020035213629626
71.950718685831617449	633.30129528007307727
72.030663928815883423	633.30058915438814893
72.110609171800135186	633.29988513593423249
72.19055441478440116	633.29918321638547241
72.270499657768652924	633.29848338745682668
72.350444900752904687	633.29778564090042892
72.430390143737170661	633.29708996851638858
72.510335386721422424	633.29639636214221809
72.590280629705674187	633.29570481365612977
72.670225872689940161	633.29501531497987799
72.750171115674191924	633.29432785807102846
72.830116358658457898	633.29364243493216691
72.910061601642709661	633.29295903760407782
72.990006844626961424	633.29227765816517604
73.069952087611227398	633.29159828873650895
73.149897330595479161	633.29092092147539006
73.229842573579745135	633.29024554858142437
73.309787816563996898	633.28957216228968718
73.389733059548248661	633.2889007548775453
73.469678302532514635	633.28823131865487994
73.549623545516766399	633.28756384597556917
73.629568788501032373	633.28689832922839287
73.709514031485284136	633.28623476083930655
73.789459274469535899	633.28557313327428346
73.869404517453801873	633.28491343903408506
73.949349760438053636	633.2842556706572168
74.02929500342231961	633.283599820717086
74.109240246406571373	633.28294588182473035
74.189185489390823136	633.28229384663120527
74.26913073237508911	633.2816437078178069
74.349075975359340873	633.28099545810425752
74.429021218343606847	633.28034909024779608
74.50896646132785861	633.27970459703510642
74.588911704312110373	633.27906197129618704
74.668856947296376347	633.27842120588741182
74.74880219028062811	633.27778229370778718
74.828747433264894084	633.27714522768735605
74.908692676249145848	633.27651000078810739
74.988637919233397611	633.27587660601079733
75.068583162217663585	633.27524503638778697
75.148528405201915348	633.27461528498315602
75.228473648186167111	633.27398734489850085
75.308418891170433085	633.27336120926793228
75.388364134154684848	633.27273687125625656
75.468309377138950822	633.27211432406352287
75.548254620123202585	633.27149356092149901
75.628199863107454348	633.27087457509526303
75.708145106091720322	633.27025735988081578
75.788090349075972085	633.26964190860803683
75.868035592060238059	633.26902821463852433
75.947980835044489822	633.26841627136559509
76.027926078028741586	633.26780607221348873
76.107871321013007559	633.26719761063736769
76.187816563997259323	633.26659088012593202
76.267761806981525297	633.26598587419766773
76.34770704996577706	633.26538258640164258
76.427652292950028823	633.26478101031671031
76.507597535934294797	633.26418113955605804
76.58754277891854656	633.26358296775936196
76.667488021902812534	633.26298648859790319
76.747433264887064297	633.26239169577240773
76.82737850787131606	633.26179858301532022
76.907323750855582034	633.26120714408546064
76.987268993839833797	633.26061737277552766
77.067214236824099771	633.26002926290266259
77.147159479808351534	633.25944280831777178
77.227104722792603297	633.25885800289677263
77.307049965776869271	633.25827484054639172
77.386995208761121035	633.25769331520302785
77.466940451745372798	633.25711342082911415
77.546885694729638772	633.25653515141721073
77.626830937713890535	633.25595850098648043
77.706776180698156509	633.25538346358791841
77.786721423682408272	633.25481003329559826
77.866666666666660035	633.2542382042125837
77.946611909650926009	633.25366797047081491
78.026557152635177772	633.25309932622860742
78.106502395619443746	633.25253226567474485
78.186447638603695509	633.2519667830177923
78.266392881587947272	633.25140287250007987
78.346338124572213246	633.25084052838803927
78.426283367556465009	633.25027974497481864
78.506228610540730983	633.24972051657982774
78.586173853524982746	633.24916283754862434
78.66611909650923451	633.24860670225257309
78.746064339493500484	633.24805210509362041
78.826009582477752247	633.24749904049144789
78.905954825462018221	633.24694750289825151
78.985900068446269984	633.24639748678839624
79.065845311430521747	633.24584898666330446
79.145790554414787721	633.24530199704736333
79.225735797399039484	633.24475651249315433
79.305681040383305458	633.2442125275770195
79.385626283367557221	633.24367003689894773
79.465571526351808984	633.24312903508484851
79.545516769336074958	633.24258951678677931
79.625462012320326721	633.24205147667794336
79.705407255304592695	633.24151490945780552
79.785352498288844458	633.24097980985015965
79.865297741273096221	633.24044617260096857
-0	0
-0.079945242984257355867	-7.2910658565789295883e-05
-0.15989048596851471173	-0.0001460210750022254895
-0.23983572895277208148	-0.00021933196676266782229
-0.31978097193702942347	-0.0002928440537927295517
-0.39972621492128679321	-0.00036655806045867317952
-0.47967145790554416296	-0.00044047471343858061749
-0.5596167008898015327	-0.00051459474323349314179
-0.63956194387405884694	-0.00058891888368249373144
-0.71950718685831627219	-0.00066344787177099464551
-0.79945242984257358643	-0.00073818244822842766888
-0.87939767282683090066	-0.00081312335691927702542
-0.95934291581108832592	-0.00088827134518139447446
-1.0392881587953457512	-0.00096362716395004765178
-1.1192334017796030654	-0.0010391915673970515081
-1.1991786447638603796	-0.0011149653131112022102
-1.2791238877481176939	-0.0011909491630906685316
-1.3590691307323750081	-0.0012671438814762807281
-1.4390143737166325444	-0.001343550236919735779
-1.5189596167008898586	-0.0014201690014558809774
-1.5989048596851471729	-0.0014970009503110016155
-1.6788501026694044871	-0.0015740468630756469272
-1.7587953456536618013	-0.0016513075222047658361
-1.8387405886379193376	-0.0017287837139875450974
-1.9186858316221766518	-0.0018064762290436022288
-1.9986310746064339661	-0.0018843858607103536069
-2.0785763175906915023	-0.0019625134066669231575
-2.1585215605749485945	-0.0020408596681672978683
-2.2384668035592061308	-0.0021194254502320377179
-2.318412046543463223	-0.002198211561558060731
-2.3983572895277207593	-0.0022772188148005678525
-2.4783025325119782956	-0.0023564480262009009602
-2.5582477754962353877	-0.0024359000164210519758
-2.638193018480492924	-0.0025155756089986877795
-2.7181382614647500162	-0.0025954756322529967845
-2.7980835044490075525	-0.0026756009182922939685
-2.8780287474332650888	-0.0027559523024952730687
-2.957973990417522181	-0.0028365306249995918784
-3.0379192334017797172	-0.0029173367292245648216
-3.1178644763860368094	-0.0029983714633935783928
-3.1978097193702943457	-0.003079635678932734523
-3.277754962354551882	-0.0031611302319481601741
-3.3577002053388089742	-0.0032428559822787242882
-3.4376454483230665105	-0.0033248137938569071077
-3.5175906913073236026	-0.0034070045348892348362
-3.5975359342915811389	-0.0034894290776645697089
-3.6774811772758386752	-0.0035720882985879371004
-3.7574264202600957674	-0.0036549830783609649557
-3.8373716632443533037	-0.0037381143018127248323
-3.9173169062286103959	-0.0038214828581139962706
-3.9972621492128679321	-0.0039050896403825673293
-4.0772073921971250243	-0.0039889355464839144211
-4.1571526351813830047	-0.0040730214782305198748
-4.2370978781656400969	-0.0041573483420472298958
-4.3170431211498971891	-0.0042419170485765511983
-4.3969883641341542813	-0.0043267285129493021287
-4.4769336071184122616	-0.0044117836545365125139
-4.5568788501026693538	-0.0044970833972990259531
-4.636824093086926446	-0.0045826286697423787922
-4.7167693360711844264	-0.0046684204044882748538
-4.7967145790554415186	-0.0047544595393233619537
-4.8766598220396986108	-0.0048407470158910769278
-4.9566050650239565911	-0.0049272837808870270995
-5.0365503080082136833	-0.0050140707857883413251
-5.1164955509924707755	-0.0051011089857259470787
-5.1964407939767278677	-0.0051883993414242506395
-5.2763860369609858481	-0.0052759428181861842133
-5.3563312799452429402	-0.0053637403857917168026
-5.4362765229295000324	-0.0054517930187797832009
-5.5162217659137580128	-0.005540101696414448211
-5.596167008898015105	-0.0056286674029217328291
-5.6761122518822721972	-0.0057174911274332235883
-5.7560574948665301775	-0.0058065738634673277896
-5.8360027378507872697	-0.00589591661016975431
-5.9159479808350443619	-0.0059855203709940950699
-5.9958932238193014541	-0.0060753861546942074245
-6.0758384668035594345	-0.0061655149743318257011
-6.1557837097878165267	-0.0062559078492387919235
-6.2357289527720736189	-0.0063465658022428678153
-6.3156741957563315992	-0.0064374898627125717518
-6.3956194387405886914	-0.0065286810640649275625
-6.4755646817248457836	-0.006620140445626191382
-6.555509924709103764	-0.0067118690508500625236
-6.6354551676933608562	-0.006803867929336300524
-6.7154004106776179484	-0.0068961381355338415358
-6.7953456536618750405	-0.0069886807294399898999
-6.8752908966461330209	-0.0070814967756305802205
-6.9552361396303901131	-0.0071745873446357900233
-7.0351813826146472053	-0.0072679535121507425621
-7.1151266255989051857	-0.0073615963592948722646
-7.1950718685831622778	-0.0074555169727359860837
-7.27501711156741937	-0.0075497164440361782048
-7.3549623545516773504	-0.0076441958707006082974
-7.4349075975359344426	-0.007738956356030904371
-7.5148528405201915348	-0.0078339990083244760016
-7.594798083504448627	-0.0079293249413143248455
-7.6747433264887066073	-0.0080249352753531573434
-7.7546885694729636995	-0.0081208311354511418523
-7.8346338124572207917	-0.0082170136524374708109
-7.9145790554414787721	-0.0083134839635016551801
-7.9945242984257358643	-0.0084102432108289892215
-8.0744695414099929565	-0.0085072925430891444681
-8.1544147843942500486	-0.0086046331142295012784
-8.2343600273785071408	-0.0087022660841743378068
-8.3143052703627660094	-0.0088001926190842127973
-8.3942505133470231016	-0.0088984138907695371074
-8.4741957563312801938	-0.0089969310769274068312
-8.554140999315537286	-0.0090957453615363014626
-8.6340862422997943781	-0.009194857934483930198
-8.7140314852840514703	-0.0092942699919055602603
-8.7939767282683085625	-0.0093939827355750370186
-8.8739219712525674311	-0.0094939973743595439115
-8.9538672142368245233	-0.0095943151222799318012
-9.0338124572210816154	-0.0096949372003940041675
-9.1137577002053387076	-0.0097958648354432558553
-9.1937029431895957998	-0.00989709926098058905
-9.273648186173852892	-0.0099986417167726247129
-9.3535934291581117606	-0.01010049344888992208
-9.4335386721423688527	-0.010202655709785917251
-9.5134839151266259449	-0.01030512975868034739
-9.5934291581108830371	-0.010407916861299867928
-9.6733744010951401293	-0.010511018289404426215
-9.7533196440793972215	-0.010614435322163065512
-9.8332648870636543137	-0.010718169244473630189
-9.9132101300479131822	-0.010822221348846052663
-9.9931553730321702744	-0.010926592934297190557
-10.073100616016427367	-0.011031285306035061924
-10.153045859000684459	-0.011136299776597852543
-10.232991101984941551	-0.011241637665470472635
-10.312936344969198643	-0.011347300298678598615
-10.392881587953455735	-0.011453289009499118684
-10.472826830937714604	-0.011559605137614352779
-10.552772073921971696	-0.011666250031390041145
-10.632717316906228788	-0.011773225044447084911
-10.71266255989048588	-0.01188053153773654079
-10.792607802874742973	-0.011988170880825221171
-10.872553045859000065	-0.012096144448884694686
-10.952498288843257157	-0.01220445362533013195
-11.032443531827516026	-0.012313099800512166196
-11.112388774811773118	-0.012422084372167976896
-11.19233401779603021	-0.01253140874579342437
-11.272279260780287302	-0.012641074333786009656
-11.352224503764544394	-0.01275108255668533884
-11.432169746748801487	-0.012861434841921363936
-11.512114989733060355	-0.012972132625077436793
-11.592060232717317447	-0.013083177349089619712
-11.672005475701574539	-0.013194570464787993766
-11.751950718685831632	-0.013306313430535777337
-11.831895961670088724	-0.013418407713018748462
-11.911841204654345816	-0.013530854785846865157
-11.991786447638602908	-0.013643656131651814983
-12.071731690622861777	-0.013756813240260118772
-12.151676933607118869	-0.013870327609820844866
-12.231622176591375961	-0.013984200746410917898
-12.311567419575633053	-0.014098434164249367545
-12.391512662559890146	-0.014213029385866498763
-12.471457905544147238	-0.014327987942092612617
-12.55140314852840433	-0.014443311371652027206
-12.631348391512663198	-0.014559001222178019272
-12.711293634496920291	-0.014675059049096394331
-12.791238877481177383	-0.014791486416730635634
-12.871184120465434475	-0.014908284897794443769
-12.951129363449691567	-0.015025456073154905279
-13.031074606433948659	-0.01514300153327598035
-13.111019849418207528	-0.015260922876436707613
-13.19096509240246462	-0.015379221709949127475
-13.270910335386721712	-0.015497899649662109575
-13.350855578370978805	-0.015616958320457518389
-13.430800821355235897	-0.015736399356859206988
-13.510746064339492989	-0.015856224401115892597
-13.590691307323750081	-0.015976435105005477172
-13.67063655030800895	-0.016097033129857642175
-13.750581793292266042	-0.016218020145708042512
-13.830527036276523134	-0.016339397831738104033
-13.910472279260780226	-0.016461167876692293921
-13.990417522245037318	-0.016583331978381923855
-14.070362765229294411	-0.016705891844564765836
-14.150308008213551503	-0.016828849190994109308
-14.230253251197810371	-0.016952205745670235332
-14.310198494182067463	-0.017075963243382282636
-14.390143737166324556	-0.017200123429858250879
-14.470088980150581648	-0.017324688060964300862
-14.55003422313483874	-0.0174496589015657802
-14.629979466119095832	-0.017575037726519606579
-14.709924709103354701	-0.017700826321170454181
-14.789869952087611793	-0.017827026480166673073
-14.869815195071868885	-0.017953640008576708664
-14.949760438056125977	-0.018080668721595895276
-15.02970568104038307	-0.018208114444726912484
-15.109650924024640162	-0.018335979013463996057
-15.189596167008897254	-0.018464264273732770155
-15.269541409993156122	-0.018592972082127054434
-15.349486652977413215	-0.018722104305311182415
-15.429431895961670307	-0.018851662821046215324
-15.509377138945927399	-0.018981649517118621973
-15.589322381930184491	-0.019112066292434146814
-15.669267624914441583	-0.019242915056442697064
-15.749212867898698676	-0.019374197730130715556
-15.829158110882957544	-0.019505916244453663788
-15.909103353867214636	-0.019638072541655442194
-15.989048596851471729	-0.019770668575629271602
-16.068993839835730597	-0.019903706310733577933
-16.148939082819985913	-0.020037187722761837932
-16.228884325804244781	-0.020171114799280891877
-16.308829568788500097	-0.0203054895387174833
-16.388774811772758966	-0.020440313951204061582
-16.468720054757014282	-0.0205755900580261962
-16.54866529774127315	-0.020711319893032216488
-16.628610540725532019	-0.020847505501031864117
-16.708555783709787335	-0.020984148938596951239
-16.788501026694046203	-0.021121252274907183905
-16.868446269678301519	-0.021258817589945775556
-16.948391512662560388	-0.021396846977386425881
-17.028336755646815703	-0.021535342541300388913
-17.108281998631074572	-0.021674306399235128417
-17.18822724161533344	-0.021813740680624235657
-17.268172484599588756	-0.021953647527215982421
-17.348117727583847625	-0.022094029093253728796
-17.428062970568102941	-0.022234887546175124279
-17.508008213552361809	-0.02237622506461604821
-17.587953456536617125	-0.022518043841703534735
-17.667898699520875994	-0.022660346082315430127
-17.747843942505134862	-0.02280313400489600989
-17.827789185489390178	-0.022946409840283149562
-17.907734428473649047	-0.023090175833106720005
-17.987679671457904362	-0.023234434240739766653
-18.067624914442163231	-0.023379187334347326793
-18.147570157426418547	-0.023524437397645914932
-18.227515400410677415	-0.023670186729034918549
-18.307460643394936284	-0.023816437639859921321
-18.3874058863791916	-0.023963192455123145247
-18.467351129363450468	-0.024110453513765391781
-18.547296372347705784	-0.02425822316859839109
-18.627241615331964653	-0.024406503786643080067
-18.707186858316223521	-0.024555297748813889602
-18.787132101300478837	-0.024704607450471285229
-18.867077344284737705	-0.024854435301094747468
-18.947022587268993021	-0.025004783724677483864
-19.02696783025325189	-0.025155655159591065045
-19.106913073237507206	-0.025307052059250833426
-19.186858316221766074	-0.025458976891270048565
-19.266803559206024943	-0.025611432138723001783
-19.346748802190280259	-0.025764420299366840028
-19.426694045174539127	-0.025917943885213030192
-19.506639288158794443	-0.026072005425042222432
-19.586584531143053312	-0.026226607462092373785
-19.666529774127308627	-0.026381752554814338202
-19.746475017111567496	-0.026537443277413176601
-19.826420260095826364	-0.026693682220107529252
-19.90636550308008168	-0.026850471988362760445
-19.986310746064340549	-0.027007815203499943579
-20.066255989048595865	-0.027165714503158192722
-20.146201232032854733	-0.027324172541249584084
-20.226146475017110049	-0.027483191987214862506
-20.306091718001368918	-0.027642775527512000733
-20.386036960985627786	-0.02780292586499598026
-20.465982203969883102	-0.027963645718873671175
-20.545927446954141971	-0.028124937824760234961
-20.625872689938397286	-0.028286804936427056151
-20.705817932922656155	-0.028449249823083961469
-20.785763175906911471	-0.028612275272130855558
-20.865708418891170339	-0.028775884087612734613
-20.945653661875429208	-0.028940079091403808631
-21.025598904859684524	-0.029104863122384232871
-21.105544147843943392	-0.029270239037477649435
-21.185489390828198708	-0.029436209711042195247
-21.265434633812457577	-0.029602778036009497198
-21.345379876796712892	-0.029769946922790800625
-21.425325119780971761	-0.029937719299694191127
-21.50527036276523063	-0.030106098114368130825
-21.585215605749485945	-0.030275086331839159981
-21.665160848733744814	-0.030444686936620793394
-21.74510609171800013	-0.030614902931258711899
-21.825051334702258998	-0.030785737337887055659
-21.904996577686514314	-0.03095719319732621877
-21.984941820670773183	-0.03112927356956777733
-22.064887063655032051	-0.031301981533887267284
-22.144832306639287367	-0.031475320189002065074
-22.224777549623546236	-0.031649292653928441654
-22.304722792607801551	-0.031823902066944062539
-22.38466803559206042	-0.031999151585982710255
-22.464613278576319289	-0.032175044390010065776
-22.544558521560574604	-0.032351583677309621312
-22.624503764544833473	-0.032528772667343358593
-22.704449007529088789	-0.03270661459966920509
-22.784394250513347657	-0.032885112734752926233
-22.864339493497602973	-0.03306427035401326292
-22.944284736481861842	-0.033244090760543701379
-23.02422997946612071	-0.033424577277387013119
-23.104175222450376026	-0.033605733250050090488
-23.184120465434634895	-0.033787562045455153681
-23.26406570841889021	-0.033970067051849565931
-23.344010951403149079	-0.034153251680655263844
-23.423956194387404395	-0.034337119363615629941
-23.503901437371663263	-0.034521673556573359565
-23.583846680355922132	-0.03470691773634667493
-23.663791923340177448	-0.034892855403368179534
-23.743737166324436316	-0.035079490080568452581
-23.823682409308691632	-0.035266825313973668155
-23.903627652292950501	-0.035454864673382303908
-23.983572895277205816	-0.035643611750899063806
-24.063518138261464685	-0.035833070163122648921
-24.143463381245723554	-0.036023243549927835838
-24.223408624229978869	-0.036214135576213453416
-24.303353867214237738	-0.036405749929218363115
-24.383299110198493054	-0.036598090322682796938
-24.463244353182751922	-0.036791160493532842901
-24.543189596167007238	-0.03698496420398924428
-24.623134839151266107	-0.037179505241014890182
-24.703080082135524975	-0.037374787417329677353
-24.783025325119780291	-0.037570814570779077768
-24.86297056810403916	-0.03776759056451447355
-24.942915811088294475	-0.037965119288493109906
-25.022861054072553344	-0.038163404657459439051
-25.10280629705680866	-0.038362450613956107504
-25.182751540041067528	-0.038562261125831755193
-25.262696783025326397	-0.038762840187887434573
-25.342642026009581713	-0.03896419182283518412
-25.422587268993840581	-0.039166320079268145127
-25.502532511978095897	-0.039369229034367077269
-25.582477754962354766	-0.039572922792535818182
-25.662422997946613634	-0.039777405485638114846
-25.74236824093086895	-0.039982681274317033449
-25.822313483915127819	-0.040188754347724321703
-25.902258726899383134	-0.040395628923091883578
-25.982203969883642003	-0.040603309246938404375
-26.062149212867897319	-0.040811799594843843619
-26.142094455852156187	-0.041021104272114777833
-26.222039698836415056	-0.041231227612949859773
-26.301984941820670372	-0.041442173982221677808
-26.38193018480492924	-0.041653947774845150043
-26.461875427789184556	-0.041866553415743759659
-26.541820670773443425	-0.042079995360977243135
-26.62176591375769874	-0.042294278097899470903
-26.701711156741957609	-0.042509406144639709513
-26.781656399726216478	-0.042725384050711578965
-26.861601642710471793	-0.042942216397994156796
-26.941546885694730662	-0.043159907800416258405
-27.021492128678985978	-0.043378462904024021884
-27.101437371663244846	-0.043597886387454647117
-27.181382614647500162	-0.043818182963176806333
-27.261327857631759031	-0.044039357375945713258
-27.341273100616017899	-0.044261414405227683666
-27.421218343600273215	-0.044484358862809429691
-27.501163586584532084	-0.04470819559629390233
-27.581108829568787399	-0.044932929487194524232
-27.661054072553046268	-0.045158565451544105396
-27.740999315537301584	-0.045385108440875995828
-27.820944558521560452	-0.0456125634423819315
-27.900889801505819321	-0.045840935478596307739
-27.980835044490074637	-0.046070229608884731565
-28.060780287474333505	-0.046300450928226100089
-28.140725530458588821	-0.046531604569028238438
-28.22067077344284769	-0.046763695700857241255
-28.300616016427103006	-0.046996729530787040297
-28.380561259411361874	-0.047230711303388170363
-28.460506502395620743	-0.047465646301596067791
-28.540451745379876058	-0.047701539847150913054
-28.620396988364134927	-0.047938397300631443998
-28.700342231348390243	-0.048176224062086492328
-28.780287474332649111	-0.048415025570628981988
-28.86023271731690798	-0.048654807306172630221
-28.940177960301163296	-0.048895574788146357881
-29.020123203285422164	-0.049137333578302286319
-29.10006844626967748	-0.049380089278257308094
-29.180013689253936349	-0.049623847531410247846
-29.259958932238191665	-0.049868614023663548895
-29.339904175222450533	-0.050114394482667717901
-29.419849418206709402	-0.050361194679670838459
-29.499794661190964717	-0.050609020428311814188
-29.579739904175223586	-0.050857877586402221171
-29.659685147159478902	-0.05110777205554289937
-29.73963039014373777	-0.051358709781653917592
-29.819575633127993086	-0.051610696756192578349
-29.899520876112251955	-0.051863739014935440752
-29.979466119096510823	-0.052117842639996921072
-30.059411362080766139	-0.052373013760235315184
-30.139356605065025008	-0.05262925854985441021
-30.219301848049280323	-0.052886583230839341596
-30.299247091033539192	-0.053144994073486620523
-30.379192334017794508	-0.053404497394487028539
-30.459137577002053376	-0.053665099560015555591
-30.539082819986312245	-0.053926806985020947494
-30.619028062970567561	-0.054189626134060198126
-30.698973305954826429	-0.054453563521016622173
-30.778918548939081745	-0.054718625710971892373
-30.858863791923340614	-0.054984819318638467056
-30.93880903490759593	-0.055252151011246600221
-31.018754277891854798	-0.055520627507247406751
-31.098699520876113667	-0.055790255577406813736
-31.178644763860368982	-0.056061042045764050701
-31.258590006844627851	-0.056332993789642987759
-31.338535249828883167	-0.056606117739539316136
-31.418480492813142035	-0.056880420881443689851
-31.498425735797397351	-0.057155910255150092769
-31.57837097878165622	-0.057432592957187965366
-31.658316221765915088	-0.057710476138623102715
-31.738261464750170404	-0.05798956700795594027
-31.818206707734429273	-0.05826987283105385107
-31.898151950718684589	-0.058551400930711323956
-31.978097193702943457	-0.058834158687867940674
-32.058042436687202326	-0.05911815354289395863
-32.137987679671461194	-0.059403392994970036223
-32.217932922655712957	-0.059689884602617315768
-32.297878165639971826	-0.059977635986121970169
-32.377823408624230694	-0.060266654825888728297
-32.457768651608489563	-0.060556948864143776701
-32.537713894592741326	-0.060848525905554957938
-32.617659137577000195	-0.061141393817073924621
-32.697604380561259063	-0.061435560529458511925
-32.777549623545517932	-0.061731034037667498193
-32.8574948665297768	-0.062027822400781612577
-32.937440109514028563	-0.062325933743661299236
-33.017385352498287432	-0.062625376256382869755
-33.0973305954825463	-0.062926158196381143384
-33.177275838466805169	-0.063228287887299200465
-33.257221081451064038	-0.063531773721131001853
-33.337166324435315801	-0.063836624158334215329
-33.417111567419574669	-0.064142847728089563697
-33.497056810403833538	-0.064450453029755563894
-33.577002053388092406	-0.064759448732665550463
-33.656947296372344169	-0.065069843577435865223
-33.736892539356603038	-0.065381646376574731327
-33.816837782340861907	-0.065694866014493660811
-33.896783025325120775	-0.066009511449334201671
-33.976728268309379644	-0.066325591712674880629
-34.056673511293631407	-0.066643115910737779628
-34.136618754277890275	-0.066962093225155339127
-34.216563997262149144	-0.067282532913331347113
-34.296509240246408012	-0.067604444308813030351
-34.376454483230666881	-0.067927836823523865539
-34.456399726214918644	-0.068252719947143422607
-34.536344969199177513	-0.068579103247614833783
-34.616290212183436381	-0.06890699637345656936
-34.69623545516769525	-0.069236409053108377565
-34.776180698151954118	-0.069567351096476270911
-34.856125941136205881	-0.069899832394458863427
-34.93607118412046475	-0.070233862921789222411
-35.016016427104723618	-0.070569452736516158353
-35.095961670088982487	-0.070906611980895054015
-35.17590691307323425	-0.071245350881399188703
-35.255852156057493119	-0.071585679752114134144
-35.335797399041751987	-0.071927608992854510928
-35.415742642026010856	-0.072271149091013411891
-35.495687885010269724	-0.072616310623253951806
-35.575633127994521487	-0.072963104254516950031
-35.655578370978780356	-0.073311540740648467596
-35.735523613963039224	-0.073661630928433599608
-35.815468856947298093	-0.074013385756724267561
-35.895414099931556962	-0.074366816257262380319
-35.975359342915808725	-0.074721933554950589751
-36.055304585900067593	-0.075078748870412076455
-36.135249828884326462	-0.07543727351897566713
-36.21519507186858533	-0.075797518913562858534
-36.295140314852837093	-0.076159496563537418257
-36.375085557837095962	-0.076523218077411969684
-36.455030800821354831	-0.076888695163468259719
-36.534976043805613699	-0.077255939629802206081
-36.614921286789872568	-0.077624963386726017478
-36.694866529774124331	-0.077995778446519961613
-36.774811772758383199	-0.078368396925473732262
-36.854757015742642068	-0.078742831044416247699
-36.934702258726900936	-0.079119093130046544426
-37.014647501711159805	-0.079497195614843446654
-37.094592744695411568	-0.079877151040764524104
-37.174537987679670437	-0.080258972057656030596
-37.254483230663929305	-0.080642671425790179995
-37.334428473648188174	-0.081028262017015531549
-37.414373716632447042	-0.081415756815230555521
-37.494318959616698805	-0.081805168917849654941
-37.574264202600957674	-0.082196511537438440853
-37.654209445585216542	-0.082589798002627071161
-37.734154688569475411	-0.082985041759001246242
-37.814099931553727174	-0.083382256370489238329
-37.894045174537986043	-0.083781455521448153223
-37.973990417522244911	-0.084182653016246777877
-38.05393566050650378	-0.084585862782637313839
-38.133880903490762648	-0.084991098871315659546
-38.213826146475014411	-0.0853983754583911292
-38.29377138945927328	-0.08580770684579230867
-38.373716632443532148	-0.086219107463601576957
-38.453661875427791017	-0.086632591870833122738
-38.533607118412049886	-0.087048174757237348209
-38.613552361396301649	-0.087465870943954929229
-38.693497604380560517	-0.087885695386223317005
-38.773442847364819386	-0.088307663173602321538
-38.853388090349078254	-0.088731789532364810369
-38.933333333333330017	-0.089158089826771119712
-39.013278576317588886	-0.089586579560546261702
-39.093223819301847755	-0.090017274377872380509
-39.173169062286106623	-0.090450190065520116867
-39.253114305270365492	-0.09088534255578067933
-39.333059548254617255	-0.091322747925022360049
-39.413004791238876123	-0.09176242239853969751
-39.492950034223134992	-0.092204382349459643176
-39.57289527720739386	-0.092648644303455346405
-39.652840520191652729	-0.093095224936806580951
-39.732785763175904492	-0.093544141081440518315
-39.812731006160163361	-0.093995409725552037106
-39.892676249144422229	-0.094449048014145081664
-39.972621492128681098	-0.094905073252787824911
-40.052566735112932861	-0.095363502908413444459
-40.132511978097191729	-0.095824354612116885432
-40.212457221081450598	-0.096287646158139797437
-40.292402464065709466	-0.096753395510727160933
-40.372347707049968335	-0.097221620801905633824
-40.452292950034220098	-0.097692340334877988961
-40.532238193018478967	-0.098165572586594293525
-40.612183436002737835	-0.09864133620931953006
-40.692128678986996704	-0.099119650031704725768
-40.772073921971255572	-0.099600533063523594146
-40.852019164955507335	-0.10008400449383417219
-40.931964407939766204	-0.10057008369763248412
-41.011909650924025073	-0.10105879023420596963
-41.091854893908283941	-0.10155014385181358738
-41.17180013689254281	-0.10204416448838493636
-41.251745379876794573	-0.10254087227494856904
-41.331690622861053441	-0.10304028753742504321
-41.41163586584531231	-0.10354243079858910237
-41.491581108829571178	-0.10404732278071990303
-41.571526351813822941	-0.10455498440920958647
-41.65147159479808181	-0.10506543681236045484
-41.731416837782340679	-0.105578701325749022
-41.811362080766599547	-0.10609479949513574149
-41.891307323750858416	-0.1066137530772768155
-41.971252566735110179	-0.10713558404362313881
-42.051197809719369047	-0.10766031458300429069
-42.131143052703627916	-0.10818796710338775269
-42.211088295687886784	-0.10871856423581467699
-42.291033538672145653	-0.10925212883534705932
-42.370978781656397416	-0.10978868398583815913
-42.450924024640656285	-0.110328253001105131
-42.530869267624915153	-0.11087085942877469846
-42.610814510609174022	-0.11141652705236929077
-42.690759753593425785	-0.11196527989374310819
-42.770704996577684653	-0.11251714221899107582
-42.850650239561943522	-0.11307213853687030081
-42.93059548254620239	-0.11363029360563392522
-43.010540725530461259	-0.1141916324340009059
-43.090485968514713022	-0.1147561802845392942
-43.170431211498971891	-0.11532396267824465697
-43.250376454483230759	-0.11589500539535207979
-43.330321697467489628	-0.11646933448027560476
-43.410266940451748496	-0.11704697624437104819
-43.490212183436000259	-0.11762795726882296909
-43.570157426420259128	-0.11821230440911052739
-43.650102669404517997	-0.1188000447971387652
-43.730047912388776865	-0.11939120584535481417
-43.809993155373028628	-0.11998581525018740812
-43.889938398357287497	-0.12058390099499022297
-43.969883641341546365	-0.12118549135493625335
-44.049828884325805234	-0.121790614898506247
-44.129774127310064102	-0.12239930049444684712
-44.209719370294315866	-0.1230115773107894328
-44.289664613278574734	-0.12362747482441310831
-44.369609856262833603	-0.12424702281916147339
-44.449555099247092471	-0.12487025139419907771
-44.52950034223135134	-0.12549719096457506717
-44.609445585215603103	-0.12612787226797839146
-44.689390828199861971	-0.12676232636666617815
-44.76933607118412084	-0.12740058465312475988
-44.849281314168379708	-0.12804267885255074533
-44.929226557152638577	-0.1286886410292227001
-45.00917180013689034	-0.12933850358857584828
-45.089117043121149209	-0.12999229928216438079
-45.169062286105408077	-0.13065006121353667234
-45.249007529089666946	-0.13131182283992681725
-45.328952772073918709	-0.13197761797977661247
-45.408898015058177577	-0.13264748081458496709
-45.488843258042436446	-0.13332144589538102997
-45.568788501026695315	-0.13399954814691916738
-45.648733744010954183	-0.1346818228704420306
-45.728678986995205946	-0.13536830575251052045
-45.808624229979464815	-0.13605903286650358752
-45.888569472963723683	-0.13675404067839228017
-45.968514715947982552	-0.13745336605237812311
-46.04845995893224142	-0.13815704625570868203
-46.128405201916493183	-0.13886511896291764412
-46.208350444900752052	-0.13957762226224154634
-46.288295687885010921	-0.14029459466000671064
-46.368240930869269789	-0.14101607508666227919
-46.448186173853521552	-0.14174210290107705501
-46.528131416837780421	-0.14247271789794854757
-46.608076659822039289	-0.14320796031097171586
-46.688021902806298158	-0.14394787081965060294
-46.767967145790557026	-0.14469249055596286602
-46.84791238877480879	-0.14544186110741619267
-46.927857631759067658	-0.14619602452644195334
-47.007802874743326527	-0.14695502333274093609
-47.087748117727585395	-0.14771890052156080864
-47.167693360711844264	-0.14848769956950377824
-47.247638603696096027	-0.14926146443937587938
-47.327583846680354895	-0.15004023958805839944
-47.407529089664613764	-0.15082406997145844652
-47.487474332648872632	-0.15161300105170397168
-47.567419575633131501	-0.1524070788025566614
-47.647364818617383264	-0.15320634971830970894
-47.727310061601642133	-0.15401086081745277157
-47.807255304585901001	-0.15482065965080302195
-47.88720054757015987	-0.1556357943089027307
-47.967145790554411633	-0.15645631342683477549
-48.047091033538670501	-0.15728226619429311328
-48.12703627652292937	-0.15811370235931548889
-48.206981519507188239	-0.15895067223652706301
-48.286926762491447107	-0.15979322671619602958
-48.36687200547569887	-0.16064141726930822318
-48.446817248459957739	-0.16149529595476211363
-48.526762491444216607	-0.1623549154286383911
-48.606707734428475476	-0.16322032895018845355
-48.686652977412734344	-0.16409159039096871124
-48.766598220396986108	-0.16496875424094151197
-48.846543463381244976	-0.16585187561660608146
-48.926488706365503845	-0.16674101026974963435
-49.006433949349762713	-0.16763621459534122637
-49.086379192334014476	-0.16853754563790343535
-49.166324435318273345	-0.1694450611034211962
-49.246269678302532213	-0.17035881936258942537
-49.326214921286791082	-0.1712788794637253309
-49.40616016427104995	-0.17220530113777576808
-49.486105407255301714	-0.17313814481033842907
-49.566050650239560582	-0.17407747160684947096
-49.645995893223819451	-0.17502334336303732032
-49.725941136208078319	-0.17597582263431674199
-49.805886379192337188	-0.17693497270451721826
-49.885831622176588951	-0.17790085759272825094
-49.965776865160847819	-0.17887354206595232342
-50.045722108145106688	-0.17985309164628848766
-50.125667351129365557	-0.18083957261978483855
-50.20561259411361732	-0.181833052048775895
-50.285557837097876188	-0.18283359777739699448
-50.365503080082135057	-0.18384127844526362838
-50.445448323066393925	-0.18485616349450820217
-50.525393566050652794	-0.18587832318074165583
-50.605338809034904557	-0.18690782858505219921
-50.685284052019163425	-0.1879447516194184542
-50.765229295003422294	-0.1889891650429937342
-50.845174537987681163	-0.19004114246713538217
-50.925119780971940031	-0.19110075837077594718
-51.005065023956191794	-0.19216808810730190427
-51.085010266940450663	-0.19324320791799634578
-51.164955509924709531	-0.19432619494267300286
-51.2449007529089684	-0.19541712723004034391
-51.324845995893227268	-0.19651608374928292156
-51.404791238877479032	-0.19762314440554495931
-51.4847364818617379	-0.19873839004297547128
-51.564681724845996769	-0.19986190246757545852
-51.644626967830255637	-0.20099376445135930247
-51.7245722108145074	-0.20213405974897732942
-51.804517453798766269	-0.20328287310777509722
-51.884462696783025137	-0.20444029028425800276
-51.964407939767284006	-0.20560639805544730918
-52.044353182751542874	-0.20678128423089039978
-52.124298425735794638	-0.20796503767018564846
-52.204243668720053506	-0.20915774829477806751
-52.284188911704312375	-0.21035950710405187936
-52.364134154688571243	-0.21157040618794992204
-52.444079397672830112	-0.21279053874652792411
-52.524024640657081875	-0.21401999910250615877
-52.603969883641340743	-0.21525888271915508132
-52.683915126625599612	-0.21650728621609444113
-52.763860369609858481	-0.21776530738986310531
-52.843805612594110244	-0.21903304522740621452
-52.923750855578369112	-0.22031059992864121533
-53.003696098562627981	-0.22159807292390321098
-53.083641341546886849	-0.22289556689601466855
-53.163586584531145718	-0.22420318579801304382
-53.243531827515397481	-0.22552103487793784264
-53.32347707049965635	-0.22684922070002069838
-53.403422313483915218	-0.22818785116866044382
-53.483367556468174087	-0.22953703555257881641
-53.563312799452432955	-0.23089688451027309823
-53.643258042436684718	-0.23226751011952836978
-53.723203285420943587	-0.2336490258991147928
-53.803148528405202455	-0.23504154684605874093
-53.883093771389461324	-0.23644518945785877873
-53.963039014373713087	-0.23786007177313972516
-54.042984257357971956	-0.23928631339685729751
-54.122929500342230824	-0.24072403554196716846
-54.202874743326489693	-0.24217336106098968918
-54.282819986310748561	-0.24363441448844599946
-54.362765229295000324	-0.24510732207768914925
-54.442710472279259193	-0.246592211846238335
-54.522655715263518061	-0.24808921361759478375
-54.60260095824777693	-0.2495984590677146342
-54.682546201232035799	-0.25112008177519257179
-54.762491444216287562	-0.25265421726731784879
-54.84243668720054643	-0.25420100307895210356
-54.922381930184805299	-0.2557605788028595728
-55.002327173169064167	-0.25733308614740096898
-55.082272416153323036	-0.25891866900042997957
-55.162217659137574799	-0.26051747348664894277
-55.242162902121833667	-0.26212964803544080983
-55.322108145106092536	-0.26375534344726947467
-55.402053388090351405	-0.26539471296463534866
-55.481998631074603168	-0.26704791234315550241
-55.561943874058862036	-0.2687150999271996632
-55.641889117043120905	-0.27039643672691321408
-55.721834360027379773	-0.27209208649864591312
-55.801779603011638642	-0.27380221582746699927
-55.881724845995890405	-0.2755269942110671888
-55.961670088980149274	-0.27726659414526239056
-56.041615331964408142	-0.27902119121584589845
-56.121560574948667011	-0.28079096418401328084
-56.201505817932925879	-0.28257609508302994339
-56.281451060917177642	-0.28437676930983585288
-56.361396303901436511	-0.28619317572040486874
-56.441341546885695379	-0.28802550672484567018
-56.521286789869954248	-0.28987395838329088615
-56.601232032854206011	-0.29173873050586957012
-56.68117727583846488	-0.29362002674557452497
-56.761122518822723748	-0.29551805469751274424
-56.841067761806982617	-0.29743302599542659204
-56.921013004791241485	-0.2993651564055310188
-57.000958247775493248	-0.30131466592141131766
-57.080903490759752117	-0.30328177885683360593
-57.160848733744010985	-0.30526672393319986831
-57.240793976728269854	-0.3072697343719639762
-57.320739219712528723	-0.30929104797628953483
-57.400684462696780486	-0.3113309072139712752
-57.480629705681039354	-0.31338955929520229127
-57.560574948665298223	-0.31546725624945015642
-57.640520191649557091	-0.31756425499387602729
-57.72046543463381596	-0.31968081739959863796
-57.800410677618067723	-0.32181721035361793293
-57.880355920602326592	-0.32397370581825640778
-57.96030116358658546	-0.32615058087758763694
-58.040246406570844329	-0.32834811778967187834
-58.120191649555096092	-0.33056660402735676962
-58.20013689253935496	-0.33280633231221057322
-58.280082135523613829	-0.33506760065040619434
-58.360027378507872697	-0.33735071235921082478
-58.439972621492131566	-0.33965597609058933992
-58.519917864476383329	-0.34198370584772536107
-58.599863107460642198	-0.34433422100219635009
-58.679808350444901066	-0.34670784630485601552
-58.759753593429159935	-0.34910491189516051902
-58.839698836413418803	-0.35152575330633351047
-58.919644079397670566	-0.35397071146998976277
-58.999589322381929435	-0.35644013271927010855
-59.079534565366188303	-0.35893436879275469886
-59.159479808350447172	-0.36145377683332408081
-59.239425051334698935	-0.36399871939600791926
-59.319370294318957804	-0.36656956444927074612
-59.399315537303216672	-0.36916668538588309767
-59.479260780287475541	-0.37179046102871804447
-59.559206023271734409	-0.37444127564785845141
-59.639151266255986172	-0.37711951897803180911
-59.719096509240245041	-0.37982558624141232739
-59.799041752224503909	-0.38255987817748299262
-59.878986995208762778	-0.38532280106803729058
-59.958932238193021647	-0.38811476674624562078
-60.03887748117727341	-0.39093619264533907565
-60.118822724161532278	-0.39378750213083485443
-60.198767967145791147	-0.39666912435613194132
-60.278713210130050015	-0.3995814940749605193
-60.358658453114301778	-0.40252505199838367611
-60.438603696098560647	-0.40550024489660696503
-60.518548939082819516	-0.40850752566602177573
-60.598494182067078384	-0.4115473534362593111
-60.678439425051337253	-0.4146201936849128189
-60.758384668035589016	-0.4177265183663121384
-60.838329911019847884	-0.42086680605264592536
-60.918275154004106753	-0.42404154207871525006
-60.998220396988365621	-0.42725121869921639517
-61.07816563997262449	-0.43049633525334229933
-61.158110882956876253	-0.43377739833821399307
-61.238056125941135122	-0.43709492198946248154
-61.31800136892539399	-0.44044942786925206368
-61.397946611909652859	-0.44384144546522130703
-61.477891854893911727	-0.44727151228882605638
-61.55783709787816349	-0.450740174090112522
-61.637782340862422359	-0.45424798507008956605
-61.717727583846681227	-0.45779550810462477095
-61.797672826830940096	-0.46138331497076678911
-61.877618069815191859	-0.46501198658148990006
-61.957563312799450728	-0.4686821132193578765
-62.037508555783709596	-0.4723942947835383932
-62.117453798767968465	-0.47614914103048033844
-62.197399041752227333	-0.47994727182995117198
-62.277344284736479096	-0.48378931741505093456
-62.357289527720737965	-0.48767591863930975782
-62.437234770704996834	-0.49160772724009943468
-62.517180013689255702	-0.49558540609823431566
-62.597125256673514571	-0.49960962950857762399
-62.677070499657766334	-0.50368108344399542542
-62.757015742642025202	-0.50780046583013538353
-62.836960985626284071	-0.51196848681658713165
-62.916906228610542939	-0.51618586905514529661
-62.996851471594794702	-0.52045334797673270533
-63.076796714579053571	-0.52477167206932517907
-63.15674195756331244	-0.52914160316391878336
-63.236687200547571308	-0.53356391671495850826
-63.316632443531830177	-0.53803940208880851603
-63.39657768651608194	-0.54256886285056393771
-63.476522929500340808	-0.54715311705282621002
-63.556468172484599677	-0.55179299752889710007
-63.636413415468858545	-0.55648935218668449387
-63.716358658453117414	-0.56124304429996962895
-63.796303901437369177	-0.56605495280907835998
-63.876249144421628046	-0.5709259726196133089
-63.956194387405886914	-0.57585701490044205464
-64.036139630390138677	-0.58084900738683820087
-64.116084873374404651	-0.58590289468393952355
-64.196030116358656414	-0.59101963857239181444
-64.275975359342922388	-0.59620021831327296713
-64.355920602327174151	-0.60144563095689573817
-64.435865845311425915	-0.60675689165093327215
-64.515811088295691889	-0.61213503395212043312
-64.595756331279943652	-0.61758111013214689322
-64.675701574264209626	-0.62309619149236827873
-64.755646817248461389	-0.62868136867412149904
-64.835592060232713152	-0.63433775196833774856
-64.915537303216979126	-0.64006647162859775513
-64.995482546201230889	-0.64586867817774640255
-65.075427789185482652	-0.65174554271910822845
-65.155373032169748626	-0.65769825724073471829
-65.235318275154000389	-0.66372803491979737167
-65.315263518138266363	-0.6698361104264169974
-65.395208761122518126	-0.67602374021856193043
-65.475154004106769889	-0.6822922028343521017
-65.555099247091035863	-0.68864279918524229362
-65.635044490075287626	-0.6950768528294830606
-65.7149897330595536	-0.7015957102534516876
-65.794934976043805364	-0.70820074113201936239
-65.874880219028057127	-0.7148933385914559846
-65.954825462012323101	-0.72167491944601358522
-66.034770704996574864	-0.72854692443992374873
-66.114715947980840838	-0.73551081846177546186
-66.194661190965092601	-0.74256809074420071504
-66.274606433949344364	-0.74972025505787553978
-66.354551676933610338	-0.75696884987082102558
-66.434496919917862101	-0.7643154384924124578
-66.514442162902128075	-0.77176160919721481513
-66.594387405886379838	-0.77930897531453380278
-66.674332648870631601	-0.78695917528638115179
-66.754277891854897575	-0.79471387270839899397
-66.834223134839149338	-0.80257475631274144412
-66.914168377823415312	-0.81054353992496153136
-66.994113620807667075	-0.81862196237432460766
-67.074058863791918839	-0.82681178735497462551
-67.154004106776184813	-0.83511480323556452898
-67.233949349760436576	-0.84353282280821495487
-67.313894592744688339	-0.85206768298297075326
-67.393839835728954313	-0.86072124440309205617
-67.473785078713206076	-0.86949539100072237297
-67.55373032169747205	-0.87839202945410710388
-67.633675564681723813	-0.88741308857621326034
-67.713620807665975576	-0.89656051859143492955
-67.79356605065024155	-0.90583629033115908857
-67.873511293634493313	-0.91524239429320375372
-67.953456536618759287	-0.924780839607161953
-68.03340177960301105	-0.93445365285592563165
-68.113347022587262813	-0.94426287676527864701
-68.193292265571528787	-0.95421056874760934452
-68.273237508555780551	-0.96429879928363693153
-68.353182751540046524	-0.97452965013619730072
-68.433127994524298288	-0.98490521238834494167
-68.513073237508550051	-0.99542758428208222288
-68.593018480492816025	-1.0060988688549479253
-68.672963723477067788	-1.0169211713651582496
-68.752908966461333762	-1.0278965964796673571
-68.832854209445585525	-1.0390272452255207014
-68.912799452429837288	-1.0503152116815068773
-68.992744695414103262	-1.0617625794052569788
-69.072689938398355025	-1.0733714175748192421
-69.152635181382620999	-1.0851437768386500426
-69.232580424366872762	-1.0970816848597118032
-69.312525667351124525	-1.109187141532578913
-69.392470910335390499	-1.1214621138759177654
-69.472416153319642262	-1.1339085305758052069
-69.552361396303908236	-1.1465282761705548609
-69.63230663928816	-1.1593231848732998834
-69.712251882272411763	-1.1722950340044635542
-69.792197125256677737	-1.1854455370283241145
-69.8721423682409295	-1.1987763361913243987
-69.952087611225181263	-1.2122889947140549349
-70.032032854209447237	-1.2259849885552680515
-70.111978097193699	-1.2398656976912449945
-70.191923340177964974	-1.2539323969021136662
-70.271868583162216737	-1.2681862460181934082
-70.3518138261464685	-1.2826282795863541697
-70.431759069130734474	-1.2972593958936458058
-70.511704312114986237	-1.3120803452783118548
-70.591649555099252211	-1.3270917176332897025
-70.671594798083503974	-1.3422939290086770558
-70.751540041067755737	-1.3576872071513483853
-70.831485284052021711	-1.3732715758501488068
-70.911430527036273475	-1.3890468378710039143
-70.991375770020539449	-1.4050125562657029832
-71.071321013004791212	-1.4211680338030800996
-71.151266255989042975	-1.4375122901983723445
-71.231211498973308949	-1.454044036830274278
-71.311156741957560712	-1.4707616485452916777
-71.391101984941826686	-1.4876631321513444917
-71.471047227926078449	-1.5047460911371492998
-71.550992470910330212	-1.5220076861453335493
-71.630937713894596186	-1.5394445906749671948
-71.710882956878847949	-1.5570529414986682415
-71.790828199863113923	-1.5748282832265192432
-71.870773442847365686	-1.5927655064675996233
-71.950718685831617449	-1.6108587790166555287
-72.030663928815883423	-1.6291014694971250876
-72.110609171800135186	-1.6474860628940417584
-72.19055441478440116	-1.6660040673942377865
-72.270499657768652924	-1.6846459119770160751
-72.350444900752904687	-1.7034008341471327252
-72.430390143737170661	-1.722256757223638024
-72.510335386721422424	-1.7412001565291292948
-72.590280629705674187	-1.7602159137907893438
-72.670225872689940161	-1.7792871590037422358
-72.750171115674191924	-1.7983950988958392614
-72.830116358658457898	-1.8175188310414007731
-72.910061601642709661	-1.8366351425400841979
-72.990006844626961424	-1.8557182919918167041
-73.069952087611227398	-1.8747397733841253409
-73.149897330595479161	-1.8936680602272357721
-73.229842573579745135	-1.912468328161580633
-73.309787816563996898	-1.9311021539084951559
-73.389733059548248661	-1.9495271883091154219
-73.469678302532514635	-1.9676968008335602445
-73.549623545516766399	-1.9855596927130041429
-73.629568788501032373	-2.003059475528190525
-73.709514031485284136	-2.0201342117799061526
-73.789459274469535899	-2.0367159136137678033
-73.869404517453801873	-2.0527299955250715158
-73.949349760438053636	-2.0680946764704204455
-74.02929500342231961	-2.0827203263933897759
-74.109240246406571373	-2.0965087517232556813
-74.189185489390823136	-2.1093524139172199483
-74.26913073237508911	-2.1211335745854702495
-74.349075975359340873	-2.1317233601582827873
-74.429021218343606847	-2.1409807384449996981
-74.50896646132785861	-2.1487513987746011956
-74.588911704312110373	-2.1548665266589965839
-74.668856947296376347	-2.1591414631884107145
-74.74880219028062811	-2.1613742385055081385
-74.828747433264894084	-2.161343967866585114
-74.908692676249145848	-2.1588090978408374099
-74.988637919233397611	-2.1535054892532778936
-75.068583162217663585	-2.1451443224567641188
-75.148528405201915348	-2.133409809480721897
-75.228473648186167111	-2.1179566965687683933
-75.308418891170433085	-2.0984075395540555675
-75.388364134154684848	-2.0743497335354645905
-75.468309377138950822	-2.0453322773404472024
-75.548254620123202585	-2.0108622524280765909
-75.628199863107454348	-1.9704009952079628576
-75.708145106091720322	-1.9233599412560709041
-75.788090349075972085	-1.8690961198041688984
-75.868035592060238059	-1.8069072770293970187
-75.947980835044489822	-1.7360266075446728617
-76.027926078028741586	-1.6556170748745169252
-76.107871321013007559	-1.5647653039827360555
-76.187816563997259323	-1.4624750323443809208
-76.267761806981525297	-1.34766011068335545
-76.34770704996577706	-1.2191370508468868383
-76.427652292950028823	-1.0756171265186120767
-76.507597535934294797	-0.91569804317740999267
-76.58754277891854656	-0.7378552071562373138
-76.667488021902812534	-0.54043264052633899208
-76.747433264887064297	-0.32163360932207735177
-76.82737850787131606	-0.079511058039166818134
-76.907323750855582034	0.18804202604687364486
-76.987268993839833797	0.48330215843636864514
-77.067214236824099771	0.80872460917045685402
-77.147159479808351534	1.1669521062057028882
-77.227104722792603297	1.5608226767828994319
-77.307049965776869271	1.993376245572209271
-77.386995208761121035	2.4678595317236031725
-77.466940451745372798	2.9877287013932205539
-77.546885694729638772	3.556649138070627103
-77.626830937713890535	4.1784915911016531354
-77.706776180698156509	4.8573238545033161628
-77.786721423682408272	5.5973970157768881961
-77.866666666666660035	6.4031252009153192262
-77.946611909650926009	7.279057630733769102
-78.026557152635177772	8.2298416998313985715
-78.106502395619443746	9.2601756986479362155
-78.186447638603695509	10.37474972902977477
-78.266392881587947272	11.578173325762206147
-78.346338124572213246	12.87488831169021708
-78.426283367556465009	14.269065523304677257
-78.506228610540730983	15.764484332382266984
-78.586173853524982746	17.364394492438677275
-78.66611909650923451	19.071360723955724126
-78.746064339493500484	20.887090105474975132
-78.826009582477752247	22.812233481168785687
-78.905954825462018221	24.846119092397607631
-78.985900068446269984	26.986340260664277935
-79.065845311430521747	29.228249076288175701
-79.145790554414787721	31.564710239574388595
-79.225735797399039484	33.986228637505895733
-79.305681040383305458	36.481212439109974355
-79.385626283367557221	39.037199340209333798
-79.465571526351808984	41.645936594876133086
-79.545516769336074958	44.320355343435267059
-79.625462012320326721	47.147198427189159986
-79.705407255304592695	50.444173557937773467
-79.785352498288844458	55.300555180413212497
-79.865297741273096221	63.807932634171180553
