Soleil	0	-6.573412422350676E+08	1.087858264467559E+09	5.909701702687831E+06	-1.422699494980625E+01	-4.617213215912155E-00	3.976906214607577E-01	1988500E+24
Mercure	1	-5.323352490282582E+10	-3.826661544003467E+10	1.613129825295875E+09	1.920271904599166E+04	-3.683597445540073E+04	-4.772120031093138E+03	3.302e23
Venus	1	-5.418695525779123E+10	9.420191517731272E+10	4.372596403564490E+09	-3.049422652628330E+04	-1.765260906062506E+04	1.517148385594474E+03	48.685e23	
Terre	1	-1.481042816272352E+11	2.023950244044925E+10	5.091880171682686E+06	-4.344466620786980E+03	-2.964694115210592E+04	2.365332176507806E-00	5.9736e24
Mars	1	-7.609466772513568E+10	-2.102448378364438E+11	-2.571470350137085E+09	2.371956493090521E+04	-6.068779262709950E+03	-7.089679195271716E+02	64171e21
Jupiter	1	1.574524414247764E+11	-7.607690010126407E+11	-3.672480735572577E+08	1.263342399986757E+04	3.271389486364142E+03	-2.961790113842635E+02	1898.13e24
Saturne	1	6.193376140622643E+11	-1.364752920265350E+12	-9.256175080087185E+08	8.260314166809977E+03	3.963154164043058E+03	-3.972152613106779E+02	5.6834e26
Uranus	1	 2.401842940035647E+12	1.735923317842653E+12	-2.466890237172592E+10	-4.039119538997964E+03	5.201977964074567E+03	7.151126951864684E+01	86.813e24
Neptune	1	4.380930702426170E+12	-9.181380936209253E+11	-8.205565195959550E+10	1.078097723142859E+03	5.351987024264954E+03	-1.345087183082432E+02	102.413E+24
Lune	2	-1.483875825396298E+11	2.001272722006583E+10	3.150586245431099E+07	-3.715472516116565E+03	-3.052262844550163E+04	-4.666867877388192E+01	7.349E+22
